235020
20173
133563
215997
40399
251498
205682
27399
233516
113895
89616
213554
244963
42197
149712
37149
149002
95885
72341
128325
204325
33937
79161
208577
195451
6468
258278
217418
142186
173713
215626
159347
71688
199442
58409
238066
119906
203229
52639
230913
38087
86256
234697
59370
59734
222895
16145
176509
144460
176881
239167
219966
164439
198151
242715
88617
82674
200638
68527
180065
22354
218023
238574
84605
211074
242435
223159
162436
221500
126406
254742
220486
218635
173405
203151
79033
119706
87666
128274
112804
192090
233241
132290
98082
3061
216613
218109
179774
54587
236031
235253
158003
128082
71546
110824
183683
26550
137533
242804
105202
185921
59261
34365
251393
87935
165013
186883
8220
227251
198252
252159
95489
201759
140175
162095
44458
44592
240770
151128
154209
95804
220406
54702
239998
238082
118966
6266
35439
221634
58836
204257
165422
256136
156027
101742
185442
197046
220687
241589
47803
14225
79784
94173
223038
73057
37479
87198
208714
240786
18794
144013
71729
67264
208695
116182
29791
7816
64902
46673
172775
254043
53197
12243
207348
36935
66030
180680
147118
67365
261924
107384
221709
23568
137064
247829
93870
23261
250807
39506
54195
88547
186390
22131
178527
230193
53192
140904
85988
48967
235450
77245
125085
176055
86183
103112
66528
125536
192940
34501
258544
42443
240372
15959
230719
13388
113458
14251
128137
106809
45911
130347
138446
148195
252152
160103
197252
144019
18957
143010
206535
253191
199328
150785
227567
173865
63968
182424
127551
107424
230829
193692
98427
116139
126634
20036
187297
149311
225023
35009
62885
180288
33630
52957
160343
224136
142834
58106
159600
193084
125012
107864
183372
142625
257807
8874
70031
76968
6838
140067
8863
39183
175900
173782
25782
75667
64374
103378
245655
96958
123573
216149
213305
174771
41628
103721
66583
109222
178833
179618
38228
188638
227151
41485
91700
206135
76480
257469
175460
99293
48158
149933
100765
150940
125849
224028
128686
245437
213222
245024
134698
144577
130113
158431
241575
129283
172152
26300
12183
192076
188785
145631
121518
219854
219260
139673
69184
257081
124997
83488
22380
248184
157579
224222
172508
206598
59203
155286
141999
67538
257567
57417
146432
165370
178307
226800
18744
82745
192663
43255
18355
56161
87552
41792
134534
70653
64810
235686
23195
141192
143527
97957
44512
103332
115647
205978
69667
158310
167944
172753
165647
166336
236887
48188
253095
238179
144189
179975
141519
86214
165771
68934
61563
210092
38987
209525
206580
104460
135786
187222
248881
75847
251493
9564
181438
199395
105634
218678
205969
129561
17297
135816
244151
196043
192925
198126
39016
4438
22646
55149
28447
49850
145495
259614
126631
11843
767
127212
217619
194844
158813
109213
206472
98964
67666
10668
180836
222366
123269
102014
53625
108478
125552
64526
30084
133734
149936
242983
152221
135971
36464
35412
206242
250742
246521
141764
90114
241261
67323
158761
14568
61859
143835
151040
97391
120587
210279
249582
90318
192085
211224
49703
83516
248935
188416
233056
121716
37645
152601
56653
50065
38310
227417
157337
165366
12090
214812
116379
100258
241155
109276
22792
124340
75230
99956
179306
46098
169278
196853
52577
230712
114858
106217
29594
45705
110632
248578
230241
94991
80028
165368
104372
150519
49361
232901
1706
27721
142894
165587
42764
118081
256471
30669
169638
84923
235784
129496
182044
33946
203815
87715
98083
47868
124009
182821
200690
197545
91703
257615
260826
191606
112336
85763
121148
135566
48997
191106
69960
113460
18749
249790
32927
165120
110084
169056
157953
99993
173977
50810
34536
79019
259583
78957
230878
202955
152864
35182
61910
175669
211467
188996
90696
118402
163040
110450
151804
106806
158169
187112
79823
218483
55686
88732
133169
221077
191427
51914
196801
54145
230731
64523
179416
83594
63501
236067
241103
251405
151125
33962
204722
50405
68220
34032
74732
71489
69833
131161
9361
121729
184172
43197
82856
142320
243528
41390
136700
232394
112365
156524
242991
243168
137421
176777
215064
178280
139233
80297
163901
218336
5374
112816
113274
25011
7532
170280
122397
126604
211791
114181
80265
211109
249235
57834
229582
120257
75403
16671
104974
117226
82437
131686
82768
17013
88986
209981
224542
183218
193622
211515
170521
88968
226926
73602
216205
567
69874
223117
174727
40183
233393
140817
40820
89107
74013
101996
174714
169557
54117
226021
29438
14228
230166
22310
73511
234784
2973
147628
65032
56914
7605
92850
121519
150008
81171
81589
75811
73677
74006
134360
194522
190883
147423
181910
12209
232371
134609
19340
250247
202231
13968
144303
241288
209322
237742
260420
254038
207719
201005
120370
196491
125920
245752
57248
215369
9141
126244
163526
120364
221178
71228
79081
129805
124495
133656
153745
258237
112421
237133
133410
83626
177123
143976
84098
68763
90969
93797
228279
55496
180078
47999
252893
441
231934
186446
7073
255568
70817
185689
10618
68132
190422
148982
19984
223079
141503
26850
159476
200471
257430
139003
136140
4990
231137
224455
129864
30575
110297
75691
102395
44052
8277
151846
83077
17404
16896
34775
213865
98269
91525
76023
145194
160874
12209
238447
51286
137901
65290
145809
26491
15899
171275
261470
203692
35123
50629
113834
87467
202725
185880
139098
134243
242630
212053
153377
123439
261674
197121
245879
151475
43341
86370
73850
4223
163184
105740
183973
24336
117254
252949
164725
19686
140995
195176
242102
219988
28668
8990
91489
33375
118
121153
166849
46480
83090
60987
57968
124920
85882
82122
245749
140663
223526
48132
154421
247636
29168
133652
235606
243166
210957
116951
150455
234643
197264
235168
104412
36440
218454
81297
68354
155582
72876
80900
157889
200162
230106
183938
49014
14599
157009
180127
38176
119550
89448
232211
86276
110477
87802
147393
227711
55849
85007
90513
70193
191091
137705
228172
247157
213283
197482
202455
48068
202655
13237
161273
68776
160699
20363
86705
100525
72357
190757
13913
201786
108906
143861
233607
81968
247248
8020
2480
75520
155411
100123
59566
68691
137915
39885
175641
93129
130490
213780
138118
259781
214215
22220
48670
233071
93045
220422
15769
121241
226966
20507
31962
74107
108575
167575
100242
223124
253335
150857
248415
239351
112414
186809
193131
102557
237271
43993
54438
230516
126363
192059
73386
118647
15786
159367
125981
76569
82811
9336
149349
40364
80630
242685
145266
152860
209973
110723
72199
246172
40064
12536
11677
57160
74188
157795
246771
240283
140683
238058
152564
138785
83835
126971
145246
147277
111514
185370
231374
48329
202571
33401
251921
13087
182090
195486
98511
240028
174584
20700
170704
19086
137483
63181
101885
33511
108361
129902
11306
121858
82806
83056
164927
19350
177947
182659
214554
11609
77581
204812
183121
238325
60761
97244
897
79563
67633
127982
200092
206967
36793
193271
94310
39679
129495
27231
102565
246987
64114
32523
240591
223238
248055
112833
32909
53221
223943
83666
84465
156398
160220
86397
77480
206147
2531
33677
12058
83828
236823
166457
189793
100954
148185
63461
144631
125477
150225
131884
196504
233464
165141
7990
72510
55267
201598
164849
128495
233310
197165
61191
127541
87656
140574
231510
139308
67900
112982
19933
259961
50305
146100
140577
36565
13432
130398
145036
199908
71607
7097
73934
206394
92965
53751
109603
96927
260891
138778
49180
21850
212107
161279
190147
144212
208384
134285
100681
47266
192628
80327
243018
74378
206611
147010
135040
113035
154924
145448
223973
151296
189554
6
55315
74884
22628
24796
161290
67103
238474
22922
233104
179050
138712
74639
163871
170157
227495
96582
