235020
20173
133563
215997
40399
251498
205682
27399
233516
113895
89616
213554
244963
42197
149712
37149
149002
95885
72341
128325
204325
33937
79161
208577
195451
6468
258278
217418
142186
173713
215626
159347
71688
199442
58409
238066
119906
203229
52639
230913
38087
86256
234697
59370
59734
222895
16145
176509
144460
176881
239167
219966
164439
198151
242715
88617
82674
200638
68527
180065
22354
218023
238574
84605
211074
242435
223159
162436
221500
126406
254742
220486
218635
173405
203151
79033
119706
87666
128274
112804
192090
233241
132290
98082
3061
216613
218109
179774
54587
236031
235253
158003
128082
71546
110824
183683
26550
137533
242804
105202
185921
59261
34365
251393
87935
165013
186883
8220
227251
198252
252159
95489
201759
140175
162095
44458
44592
240770
151128
154209
95804
220406
54702
239998
238082
118966
6266
35439
221634
58836
204257
165422
256136
156027
101742
185442
197046
220687
241589
47803
14225
79784
94173
223038
73057
37479
87198
208714
240786
18794
144013
71729
67264
208695
116182
29791
7816
64902
46673
172775
254043
53197
12243
207348
36935
66030
180680
147118
67365
261924
107384
221709
23568
137064
247829
93870
23261
250807
39506
54195
88547
186390
22131
178527
230193
53192
140904
85988
48967
235450
77245
125085
176055
86183
103112
66528
125536
192940
34501
258544
42443
240372
15959
230719
13388
113458
14251
128137
106809
45911
130347
138446
148195
252152
160103
197252
144019
18957
143010
206535
253191
199328
150785
227567
173865
63968
182424
127551
107424
230829
193692
98427
116139
126634
20036
187297
149311
225023
35009
62885
180288
33630
52957
160343
224136
142834
58106
159600
193084
125012
107864
183372
142625
257807
8874
70031
76968
6838
140067
8863
39183
175900
173782
25782
75667
64374
103378
245655
96958
123573
216149
213305
174771
41628
103721
66583
109222
178833
179618
38228
188638
227151
41485
91700
206135
76480
257469
175460
99293
48158
149933
100765
150940
125849
224028
128686
245437
213222
245024
134698
144577
130113
158431
241575
129283
172152
26300
12183
192076
188785
145631
121518
219854
219260
139673
69184
257081
124997
83488
22380
248184
157579
224222
172508
206598
59203
155286
141999
67538
257567
57417
146432
165370
178307
226800
18744
82745
192663
43255
18355
56161
87552
41792
134534
70653
64810
235686
23195
141192
143527
97957
44512
103332
115647
205978
69667
158310
167944
172753
165647
166336
236887
48188
253095
238179
144189
179975
141519
86214
165771
68934
61563
210092
38987
209525
206580
104460
135786
187222
248881
75847
251493
9564
181438
199395
105634
218678
205969
129561
17297
135816
244151
196043
192925
198126
39016
4438
22646
55149
28447
49850
145495
259614
126631
11843
767
127212
217619
194844
158813
109213
206472
98964
67666
10668
180836
222366
123269
102014
53625
108478
125552
64526
30084
133734
149936
242983
152221
135971
36464
35412
206242
250742
246521
141764
90114
241261
67323
158761
14568
61859
143835
151040
97391
120587
210279
249582
90318
192085
211224
49703
83516
248935
188416
233056
121716
37645
152601
56653
50065
38310
227417
157337
165366
12090
214812
116379
100258
241155
109276
22792
124340
75230
99956
179306
46098
169278
196853
52577
230712
114858
106217
29594
45705
110632
248578
230241
94991
80028
165368
104372
150519
49361
232901
1706
27721
142894
165587
42764
118081
256471
30669
169638
84923
235784
129496
182044
33946
203815
87715
98083
47868
124009
182821
200690
197545
91703
257615
260826
191606
112336
85763
121148
135566
48997
191106
69960
113460
18749
249790
32927
165120
110084
169056
157953
99993
173977
50810
34536
79019
259583
78957
230878
202955
152864
35182
61910
175669
211467
188996
90696
118402
163040
110450
151804
106806
158169
187112
79823
218483
55686
88732
133169
221077
191427
51914
196801
54145
230731
64523
179416
83594
63501
236067
241103
251405
151125
33962
204722
50405
68220
34032
74732
71489
69833
131161
9361
121729
184172
43197
82856
142320
243528
41390
136700
232394
112365
156524
242991
243168
137421
176777
215064
178280
139233
80297
163901
218336
5374
112816
113274
25011
7532
170280
122397
126604
211791
114181
80265
211109
249235
57834
229582
120257
75403
16671
104974
117226
82437
131686
82768
17013
88986
209981
224542
183218
193622
211515
170521
88968
226926
73602
216205
567
69874
223117
174727
40183
233393
140817
40820
89107
74013
101996
174714
169557
54117
226021
29438
14228
230166
22310
73511
234784
2973
147628
65032
56914
7605
92850
121519
150008
81171
81589
75811
73677
74006
134360
194522
190883
147423
181910
12209
232371
134609
19340
250247
202231
13968
144303
241288
209322
237742
260420
254038
207719
201005
120370
196491
125920
245752
57248
215369
9141
126244
163526
120364
221178
71228
79081
129805
124495
133656
153745
258237
112421
237133
133410
83626
177123
143976
84098
68763
90969
93797
228279
55496
180078
47999
252893
441
231934
186446
7073
255568
70817
185689
10618
68132
190422
148982
19984
223079
141503
26850
159476
200471
257430
139003
136140
4990
231137
224455
129864
30575
110297
75691
102395
44052
8277
151846
83077
17404
16896
34775
213865
98269
91525
76023
145194
160874
12209
238447
51286
137901
65290
145809
26491
15899
171275
261470
203692
35123
50629
113834
87467
202725
185880
139098
134243
242630
212053
153377
123439
261674
197121
245879
151475
43341
86370
73850
4223
163184
105740
183973
24336
117254
252949
164725
19686
140995
195176
242102
219988
28668
8990
91489
33375
118
121153
166849
46480
83090
60987
57968
124920
85882
82122
245749
140663
223526
48132
154421
247636
29168
133652
235606
243166
210957
116951
150455
234643
197264
235168
104412
36440
218454
81297
68354
155582
72876
80900
157889
200162
230106
183938
49014
14599
157009
180127
38176
119550
89448
232211
86276
110477
87802
147393
227711
55849
85007
90513
70193
191091
137705
228172
247157
213283
197482
202455
48068
202655
13237
161273
68776
160699
20363
86705
100525
72357
190757
13913
201786
108906
143861
233607
81968
247248
8020
2480
75520
155411
100123
59566
68691
137915
39885
175641
93129
130490
213780
138118
259781
214215
22220
48670
233071
93045
220422
15769
121241
226966
20507
31962
74107
108575
167575
100242
223124
253335
150857
248415
239351
112414
186809
193131
102557
237271
43993
54438
230516
126363
192059
73386
118647
15786
159367
125981
76569
82811
9336
149349
40364
80630
242685
145266
152860
209973
110723
72199
246172
40064
12536
11677
57160
74188
157795
246771
240283
140683
238058
152564
138785
83835
126971
145246
147277
111514
185370
231374
48329
202571
33401
251921
13087
182090
195486
98511
240028
174584
20700
170704
19086
137483
63181
101885
33511
108361
129902
11306
121858
82806
83056
164927
19350
177947
182659
214554
11609
77581
204812
183121
238325
60761
97244
897
79563
67633
127982
200092
206967
36793
193271
94310
39679
129495
27231
102565
246987
64114
32523
240591
223238
248055
112833
32909
53221
223943
83666
84465
156398
160220
86397
77480
206147
2531
33677
12058
83828
236823
166457
189793
100954
148185
63461
144631
125477
150225
131884
196504
233464
165141
7990
72510
55267
201598
164849
128495
233310
197165
61191
127541
87656
140574
231510
139308
67900
112982
19933
259961
50305
146100
140577
36565
13432
130398
145036
199908
71607
7097
73934
206394
92965
53751
109603
96927
260891
138778
49180
21850
212107
161279
190147
144212
208384
134285
100681
47266
192628
80327
243018
74378
206611
147010
135040
113035
154924
145448
223973
151296
189554
6
55315
74884
22628
24796
161290
67103
238474
22922
233104
179050
138712
74639
163871
170157
227495
96582
88896
3063
97658
195238
75312
20283
219952
3721
214120
45469
245741
98031
195557
197076
65078
244983
10344
150479
76361
203232
6088
192103
60771
213201
141179
160552
196868
15778
198477
221886
115525
51041
160248
257377
219847
163601
224139
88501
136010
251816
256902
98162
148669
234701
356
228939
111729
153970
248167
180395
44037
253511
109360
194056
20422
99260
222570
144991
101856
119161
145207
109312
258693
70919
175446
122203
248981
218063
24121
254212
138478
154635
239629
91428
246509
234577
258237
48027
86561
250666
28684
227998
179306
109196
137134
77845
43487
89979
162177
45155
124516
95096
229036
130978
104090
24015
218103
113355
28482
175890
236929
143288
167329
7509
156481
214555
28375
128298
191719
221694
179618
101760
234348
170359
124133
47516
210575
91383
54076
115918
12107
68300
7720
164379
16491
206646
70505
37627
243265
163014
74783
153817
5631
84643
259456
261590
167142
157180
31025
125929
252977
72868
212817
52222
33372
172833
227118
222508
125394
45027
168893
9501
218676
163764
47528
227324
118312
137855
4271
257026
44028
204640
162476
35256
14445
163860
131607
89357
180340
38592
143663
118678
159997
247017
45268
120630
225858
141330
117613
164348
14376
206140
78669
29022
227240
215917
37491
6781
151987
26058
32135
226465
79126
120769
196418
99616
101405
138653
185853
187946
190167
197377
101008
256315
250171
122470
143483
51000
236400
66257
257819
79905
80216
210144
151841
48732
243108
9838
249681
260509
180328
44010
81630
27006
251511
133029
73473
47903
238871
156773
189387
144420
90022
259089
143213
191150
161859
63260
261248
89335
30290
19944
223790
252586
25332
16958
189343
116236
172745
205495
46833
132734
235524
175140
158360
178639
168769
98917
436
167493
167910
29967
32852
167152
216635
97245
117577
189323
228584
45361
200556
127735
167006
29992
174282
208983
242605
43858
107789
122577
77638
220729
152881
5173
246891
81459
42284
34830
234668
130544
245354
110164
97079
173951
32248
44902
3472
88512
240387
133874
155863
74290
246453
191620
93651
149752
102111
97566
32779
43368
22094
96669
37702
75410
41432
106351
116476
56063
113739
260637
223927
251582
28445
132292
47977
125396
12288
136619
234402
228615
39673
207643
23238
31475
124974
182886
185883
251329
151388
224957
63163
151072
114547
202059
505
146261
129229
187700
15261
33401
226366
73979
100122
203271
67123
240842
80530
146302
221296
71274
207234
94868
16105
61637
133174
81036
147267
206391
145968
186391
5547
55678
165466
252328
3841
231052
127833
20845
246081
187436
259792
181033
27702
151442
230422
181105
137996
157407
33130
208258
2022
262021
221352
161546
47169
27552
212730
46050
121651
110492
214328
179979
133737
39448
131933
135330
140369
61324
118113
41280
234610
153188
140021
158005
182705
207127
27832
205284
204419
208418
148658
173972
223062
253150
8416
84882
52559
251919
159200
15750
173453
19782
132712
70214
157504
78518
27266
260846
221829
181768
127181
77306
10046
25149
135029
52286
21207
99575
204575
193931
93301
258716
39987
85793
75406
115471
86559
105867
193431
167981
45848
50323
76805
44749
24456
8528
60903
133363
237276
31076
74010
103878
8817
234525
111833
172935
254673
14782
146565
153399
15707
132433
150053
231379
111063
192832
28551
255098
261252
168269
171479
107798
45790
171389
72803
26045
131512
61812
67436
107212
164533
218530
159868
231887
71587
98962
98943
108351
70173
78256
158291
58216
257672
172020
90386
92661
175628
116864
202173
97969
23123
43389
177412
197209
29798
175678
129296
128279
208657
69368
251006
109894
36497
106700
239344
62557
196871
246495
87780
55092
16871
43861
260932
150692
260246
151335
244008
19829
36157
8105
65742
198165
216188
134587
60413
356
119850
253590
125679
62855
141608
200668
239598
209641
11771
90361
254071
230426
221101
52576
242413
197374
165295
230107
148008
118666
115746
144390
229006
184153
8745
225466
152037
162570
97194
232680
200384
148655
172244
210775
96136
165451
211661
247582
246321
174060
19178
106983
42696
170705
157491
29862
194526
170366
35143
130036
196020
133048
135159
136035
51412
197955
70633
146461
138764
154555
41242
201111
207208
19594
167542
156939
188051
259862
100975
131729
193159
82862
32035
247661
239012
130826
73601
129350
116638
182031
254921
68852
146415
105666
207839
243592
214225
218918
112307
240225
17797
111486
49773
194804
11713
4775
215081
217286
36833
8926
150494
205787
118670
36230
23130
102674
161884
216704
211990
134737
131432
148893
254684
212036
29834
58438
250929
122088
63523
122080
13694
234908
177413
35124
206043
243584
15263
48782
28920
99358
194241
161438
24085
191657
86069
160384
24156
57344
21809
158864
233303
218169
211802
69945
47077
4307
101540
72880
2118
66078
231199
130342
159030
112781
85265
95591
164304
168368
181470
2765
197635
57241
85379
195061
243011
88234
11486
82478
87058
165907
179141
138713
91753
196993
11047
144496
16516
97479
16240
99465
155151
69936
198124
109440
122998
166693
14103
87882
39183
98736
94192
69491
221987
241494
74246
8600
13887
111729
57878
34830
143262
106796
171643
152441
194109
1444
94086
200733
249214
137765
238986
174138
55398
127373
160275
222092
214833
260884
197177
110339
45750
109755
125930
118984
115744
5548
123635
165993
162154
252428
44669
121538
214692
197930
35363
133591
103510
117411
209064
6130
213507
68712
59341
215853
205507
162654
58782
14348
195569
43717
261424
140140
162608
227692
92548
218457
179174
24258
61384
130714
46070
202402
58931
128392
233672
76569
219744
218311
9185
41534
85836
190580
152553
122395
156599
98099
48724
169513
28940
190041
228012
15002
148509
172620
188534
141260
126298
41945
154099
45508
47061
92810
34270
254242
136399
203218
108150
45107
108038
141829
230494
186399
233015
229903
70658
250039
258725
239478
174874
66616
232957
167989
104251
56125
249782
95845
39423
90999
231207
213755
220117
56809
160899
100567
205426
18942
81005
5632
155305
193585
93390
21464
21151
42109
53003
165185
131440
208888
203315
113589
136778
139357
177004
188078
108456
130604
53429
213458
70042
143228
32014
94150
175494
152780
174642
169724
139169
99683
80712
48632
211839
237496
97764
153668
63332
108275
99055
215799
58520
59940
199700
228202
153044
166834
6457
110721
252765
165321
113722
142956
138677
255413
58998
9333
103696
68226
21876
212619
24521
77643
89886
175425
188532
94359
104403
116254
226419
173118
217209
58825
171118
216979
147376
37938
51944
154283
74181
123251
60400
255793
260463
133459
38034
96061
183549
142316
86295
97100
80449
86582
54867
29475
28545
144335
103803
111218
209863
237744
137828
258247
7149
195914
125731
82614
250425
185236
79421
161007
131031
229455
80968
12091
222443
121052
205427
227648
168784
218184
9046
39830
109820
86009
241799
170329
224032
138239
117602
108687
242963
22336
240919
76272
55245
231545
162122
100566
28268
185658
53199
101822
78086
53221
130269
67437
193809
135446
90033
177123
93666
130424
47292
253341
79450
125889
20904
202695
102344
109104
235165
154036
9649
243793
20260
199463
3340
206891
171423
214651
102613
157748
187113
185013
236043
205034
71599
170591
156482
1918
134406
47168
246760
210062
112505
1003
66592
24307
35383
54844
33549
143240
180798
210080
207140
222609
115625
153310
155607
139325
160447
242204
118086
43080
141684
144868
144766
246475
163545
57034
69869
28336
45272
150112
32617
27445
117396
21093
17118
180136
39219
63385
119524
402
116946
136584
17384
20349
84088
139508
230589
194875
253348
132943
181296
121922
244761
248734
127741
65485
112789
83365
202370
23527
128794
220272
207580
35807
103522
36552
120034
259892
179952
204898
233665
135118
175669
186400
99779
47936
115271
14669
32197
251610
149931
119492
116393
148625
135650
27282
61637
156759
1835
109335
146711
205741
131998
28819
28132
70945
199617
132422
18170
60193
96533
144993
83796
83644
178641
188901
233413
86122
260490
82104
240630
128598
153868
253595
78578
136853
142701
30710
60429
116347
231740
56663
224763
136746
237376
81186
178830
227821
90280
247089
166195
120260
255020
135161
155359
121586
215157
37950
33679
131085
212465
241776
255199
160220
169945
110638
252264
46178
94915
2031
171052
50624
91966
82255
155043
247127
87545
61462
66995
205828
191504
46414
145916
84650
30778
241579
181098
76094
25100
38982
246338
16869
8799
20468
175049
171278
23954
87086
178810
127243
142185
92823
179913
101277
178238
113395
20946
90986
41055
158484
135079
50507
182582
95240
22144
32794
209074
192068
110605
49743
153010
111042
44892
164919
219702
78652
235682
25974
175179
198078
135802
121840
234575
65262
191630
83448
148500
27382
141076
205936
237010
88144
184569
80333
43281
215081
166688
162855
249794
45045
83249
176923
141357
225927
261235
54251
121945
45539
85237
219666
198952
185771
255275
259820
199801
154517
92891
36019
219561
192298
194296
131574
154006
137552
230259
92846
189582
190896
19334
107249
162617
64675
230090
245065
140517
230166
214544
162784
226220
96207
56892
159171
215787
141977
16020
202116
254128
221488
200893
23317
256920
70666
56036
77868
135792
246227
40600
239307
106204
178602
94108
234447
225956
61716
194436
207282
60213
196440
31752
142843
202712
22404
72336
56770
149106
108775
13165
198534
73847
147675
31169
43570
221326
55047
113089
261181
231925
43090
84992
9905
107614
164274
48006
8139
42962
168051
4412
120012
150279
188445
10451
215149
61420
98656
74056
243688
127439
68286
250385
114117
248048
189800
72273
107025
251858
28265
47785
129046
44980
139208
216963
210702
28328
22619
91824
81059
9168
110709
130719
10030
180026
16781
176497
119509
199020
156298
16538
214099
138376
113761
260974
54524
16302
94558
88371
57447
104510
158321
19991
26659
46163
153707
102936
177161
161931
15408
258099
6725
90688
16500
178407
90490
37272
188841
152278
177829
33972
187968
211949
103756
850
116680
79405
160696
82613
246593
8095
227466
36953
89906
251726
64037
89300
206195
184142
82181
47598
86397
245102
40593
45924
102391
125285
176320
78167
194314
59216
24548
144302
89790
17003
39480
224174
65595
148659
139493
34346
23046
82327
44204
184801
89012
16506
172056
213581
99524
41804
247753
192800
231086
24505
209429
217311
234087
119145
17500
22669
240765
38961
47970
247535
208280
151847
254416
17843
180645
90963
157617
39464
55890
165308
177686
190720
86519
58580
77125
3205
259978
245070
165105
85628
143721
204517
45445
208659
72986
59440
156433
121019
194766
254230
246108
73579
37022
235907
22872
169676
20881
42885
183282
14290
129786
23041
78052
172643
7186
248760
10983
104521
106790
214195
43070
49626
94926
20962
192836
68787
39718
139478
56212
200802
229071
205841
101588
25336
200646
91843
28507
231527
175680
138565
247018
47121
124015
235544
171870
225267
53781
156709
98205
25338
78101
103536
27911
162875
257250
5157
180914
170210
118414
226404
22626
93089
84091
83387
179019
209915
94987
134862
160708
165417
5886
72831
151977
79481
82830
87681
166926
107449
46683
114236
92217
56295
123482
103461
11856
154728
145473
21618
18980
93853
347
221070
186031
194952
239270
221787
62679
231583
61145
144355
164788
214154
5075
62086
117957
214642
216958
137590
113214
210201
93885
192689
14316
247417
215722
133212
157997
184963
103260
155733
133740
219081
85192
78693
216150
260812
213315
168175
154481
54258
172170
56586
198298
193487
259057
163001
138946
183708
5702
666
183504
151830
184303
156428
189140
217198
56607
149851
45425
58031
78582
201040
115537
260616
38520
231935
81530
142356
169169
246353
167162
116652
90612
201112
47658
66719
35559
142375
168922
127467
206978
37007
184609
248937
174006
213035
7656
259022
72737
253432
83491
261683
118340
14135
166878
240077
140438
215514
230006
148142
86935
179347
112812
5834
243446
77590
118856
3214
122469
117622
227402
38219
208381
127625
147219
106937
217483
35894
169720
202301
256150
144653
208828
131544
156105
217689
2691
186489
243072
205112
226279
89427
196265
228977
132348
97623
56192
209930
101849
71015
248273
172623
169313
70119
61900
96240
144907
4690
56119
35761
150606
165887
71040
194938
168578
79371
258611
164155
95449
140895
32917
118015
129330
193909
221487
213513
118789
208863
128556
90393
58626
78088
55744
104052
55369
210668
109738
5931
235207
71656
209220
213813
143538
65213
20622
27576
73719
10749
78870
143147
112061
230348
153532
101816
27091
98593
112820
100171
15184
47205
48945
182544
142112
116897
37162
172859
147185
65209
49086
228123
79813
30650
5224
172132
222857
169353
19004
59145
257190
85006
103641
104947
176847
12651
128896
153686
29512
75851
106089
20669
86121
175382
9957
165759
45701
50059
219416
241708
6381
18710
83818
212067
230840
86331
66164
254413
109
175639
58274
213430
92569
148676
36194
181110
125762
83995
167101
15781
57280
235499
151732
220746
238952
2424
31717
216108
2982
260399
38634
248895
96412
124726
32923
105085
144392
100497
135293
62973
102826
164975
80797
146556
227927
37719
106080
79930
187304
84501
252190
46420
131848
165492
39905
193095
20026
89569
156094
38396
156930
90146
250756
215542
233799
40262
57617
43274
113786
168187
233190
34175
73601
175338
184904
17274
86794
29686
206385
118536
160972
160118
154746
216686
239875
211922
170116
79858
134616
135312
199729
190415
249576
186814
172313
81146
28580
247527
179386
69350
184393
50773
150162
64359
17227
220815
76129
115399
158731
244460
111803
191324
185424
227306
174784
108206
15003
47011
208715
50828
217843
121250
172294
20687
20367
198756
249153
222497
175502
72106
257523
179315
187986
88550
49104
194098
237607
105412
128843
257861
133928
154711
218367
104431
64924
80824
128807
101273
166373
174422
157143
145676
244508
152717
49835
126882
225907
203507
231493
214883
240121
239040
53157
187
204437
234903
138076
159358
169025
162019
108931
74340
81498
238344
242302
85398
219889
44607
46460
261539
60535
194894
66532
131493
203132
84553
251207
109028
4194
46986
258114
113341
33707
181619
19774
162260
99505
49437
82217
127711
145698
77884
24169
210900
90161
192476
71552
82106
78464
229469
211481
216740
113956
44413
106014
121467
218740
122584
175296
101421
45472
66084
55724
211778
49493
251317
207155
98336
51375
236983
80097
4000
20903
190782
158192
171003
2960
176704
161807
221430
26526
256742
107403
58343
80765
208890
164226
53273
109637
118696
165184
165216
176698
56281
178444
177324
43619
4779
39434
205108
16386
83474
143975
166179
164539
113123
230534
57659
223820
30391
163967
89522
237213
32422
104461
36940
3031
89141
244932
58530
201703
157097
245175
219238
114419
164124
225452
23993
97884
70675
77826
131157
31440
244732
226523
223393
161135
254130
260078
229809
237751
257987
221020
75080
164569
81444
249207
253362
113563
96493
174546
120006
40824
159728
122682
30285
176381
58200
34894
32248
56751
9779
14773
258621
124626
209651
142024
73649
97562
32752
202966
249790
167915
100234
85534
41400
206313
4123
13319
20676
98821
216664
2974
225721
96052
107420
43191
120630
82929
146739
69703
75762
150205
222510
44288
64850
97112
185778
190445
255616
63505
19923
94441
199075
189271
238920
131088
48653
189778
64420
229862
227216
100372
226575
6133
4563
28978
199595
68580
90858
111607
13308
91932
8533
60543
224324
147298
210726
151265
260930
57184
116044
121319
211165
235358
191439
211633
219905
58414
57016
209869
48300
52973
15537
259553
91602
32198
171041
101476
235885
23879
64076
77510
207659
13858
97681
235478
150251
124311
194233
70418
142553
78921
119442
46088
127670
173595
135800
35290
162593
242720
238643
175471
131034
147387
79452
94233
1019
103558
27398
192814
104377
183805
138365
207771
160408
85148
160683
184100
255694
249566
249433
11900
82240
53008
148186
198708
182587
238834
110755
182097
10099
120347
5682
254531
183335
228533
162068
108465
24428
150166
10321
185820
229026
49525
110268
167795
112285
58301
45790
241216
237325
106083
243028
206197
108903
230133
241082
160130
188696
218423
43838
4814
171534
28783
128249
29678
218741
126632
161129
89928
200957
145801
182722
135737
199965
226307
65467
131889
105592
124133
17849
131261
108551
235909
141272
130486
94089
25799
55458
100435
73441
137642
244301
52107
11234
29455
9650
173662
122336
75688
241619
137316
201763
43516
39478
197575
183885
139212
90494
196430
56
85429
70817
45590
56018
159710
89898
53855
45686
255061
134107
123594
32152
41459
74606
220830
132088
143988
8830
83295
240696
77167
26392
191091
196010
122501
255018
252069
144418
131284
156547
59016
187063
218782
238759
12056
256617
242028
153915
66900
190523
38194
151490
129616
203807
122585
7755
104938
12437
148769
138549
1650
122432
159120
190449
231763
220981
187903
230422
63899
55155
113480
63625
64600
34222
29834
111660
180293
21978
44213
138643
105533
93428
213587
170281
259840
232355
238971
152310
44955
227900
60154
46698
12468
3050
184054
28216
207379
154889
131984
177988
64684
66834
58725
25180
252673
114167
217594
186767
14980
224503
87515
165817
23557
9546
61199
91164
138365
111364
79110
28906
198320
135650
247252
4495
229631
23934
128468
130621
55247
196183
30105
190508
63767
143332
220550
158348
34066
208948
168687
78252
204658
86027
125037
180959
38259
125958
224566
147256
33509
46578
20214
205825
249861
59437
181340
75865
78935
75850
23873
161238
64938
116349
31597
97725
87905
92948
1896
103136
252454
173740
112062
174841
158567
189149
108472
214999
194082
201893
253316
127937
253286
239350
246362
205933
81419
61209
118657
136565
167265
84083
151515
95776
177541
257459
254245
1575
226207
214335
72927
239664
242968
224409
158401
53661
120495
137437
105772
36747
250980
55864
171731
163722
105316
15342
46356
209811
190128
252145
122789
45722
27475
245697
50681
242987
231102
179622
66943
134447
196680
12105
250856
240661
39539
111445
223779
39494
258582
249350
9310
175439
164363
256553
71102
223276
41224
135199
215429
177144
111958
79056
245610
217531
109201
119986
76148
83016
22950
30267
11374
261300
161455
202566
214161
103676
193952
15933
16218
197100
217133
43690
377
39929
91810
258539
115851
184797
5049
161923
92866
197851
39410
227119
233944
84666
72290
7359
126108
261753
24091
29837
183134
187922
259363
29848
175818
83652
15755
83636
176708
66057
67624
130445
6701
35878
46189
153009
27556
103742
9855
62333
244860
174572
163418
232028
9201
180832
110143
113516
111537
259148
15180
249300
138828
119583
95721
111302
27949
215920
151891
240911
110454
180625
188491
165184
255668
205701
121344
215418
50801
146502
176015
158832
188342
90281
109005
151448
86755
106631
117454
124252
79756
16689
188070
72872
42223
10600
135919
227742
52136
179831
158029
37502
59347
131867
232291
121248
65041
234603
131628
244767
23873
135051
55928
237222
83046
15051
246990
216448
151041
227804
5473
1701
143931
222118
138114
42642
68198
71110
99037
191707
115074
121601
112540
25214
246335
140733
79421
181420
251374
46501
60533
55281
83460
86701
394
17385
127600
247998
56819
31979
161866
96920
9333
202980
161664
45103
120093
123488
6137
45608
207506
92353
177181
13291
251115
141724
149832
47572
10985
96588
17736
28844
40433
9931
86325
176843
168443
152250
212485
251166
160298
13297
87725
149498
39398
214015
144335
156947
193758
44866
175562
172541
77629
75406
241070
164585
160896
205339
255833
133861
84042
72987
191230
19624
65084
160293
226571
176061
125305
260487
211706
68158
133023
56434
7566
39023
22553
192835
163675
58524
89646
203732
246460
12201
64108
66203
35464
106233
175533
260610
163996
187721
195907
200836
127510
68729
152187
42132
215211
98530
35466
106597
62720
48013
64235
92400
172537
192347
214961
101558
126010
150212
72044
102232
96636
55559
92740
146514
70452
21946
126775
219562
102738
223722
49697
104334
5713
43159
233563
153863
249286
32798
219810
167963
208656
159024
233662
147276
131625
59727
246741
224451
35581
82565
215634
8444
151340
210019
168700
169250
205115
62626
79796
191579
2056
196544
65962
190768
6388
245762
32109
8425
13880
230252
167600
257140
177611
35387
49158
141891
238249
108457
145517
158197
185147
5434
32946
6565
252504
187826
177925
172072
18344
3512
227983
52956
157588
165101
31994
124534
58800
184583
28155
103817
144799
117875
40446
100302
23799
178921
187052
176180
229794
23989
1523
243366
6067
137086
47301
815
225230
158826
47966
12932
62653
60319
88078
175988
203040
125031
146714
54745
51041
107423
253645
117019
98075
45265
186521
17377
131955
148841
237357
135619
102114
132530
57091
72044
169101
9459
243714
54740
82467
103283
24733
153885
200960
124474
222636
191634
156796
149339
189216
126384
216053
113077
244704
78337
20940
132224
131150
117294
187415
216084
128366
116321
252842
9534
179458
78791
252227
220004
191328
122018
54075
46416
228788
49713
137135
243363
95587
69892
197192
125456
12876
137520
62550
57052
108250
176073
69467
191727
35220
144199
173326
211699
234187
82132
7944
105328
50573
71979
15870
112494
73318
222943
195364
250601
123960
66905
41895
240310
118773
80886
90433
48399
256646
148253
68460
163076
25338
29919
78060
141761
73095
196719
66851
105821
126341
122777
2671
142202
241320
9834
89121
82840
96229
179274
154269
84252
202746
155899
94067
9539
41775
52473
766
167277
141924
197190
161873
91078
132034
169854
145330
188450
34569
62049
202946
162972
220389
18012
118959
152881
59728
62524
178044
89530
121750
116444
21980
190931
236880
109315
209724
170507
17864
77295
85549
87410
190288
88877
108663
105845
100042
161543
95249
38867
247499
130136
195418
181007
58829
4167
151887
119046
54498
226116
27424
174667
42202
177446
61901
239082
54077
169032
44756
12650
217088
190137
100809
116360
124124
162160
100208
39477
158111
141041
125935
140910
128140
19088
232945
130058
52923
217813
87513
230917
49341
34268
255042
24262
42404
216163
14901
189452
81067
165688
207075
226946
252909
135777
12682
15218
227552
172226
148354
131157
233611
185479
9272
113727
4915
142954
216313
161057
96404
142926
32332
240480
73235
210955
209664
166036
250099
31225
94259
186623
162309
228446
141730
121326
67608
135943
74843
9937
77460
206893
23734
57998
255069
20735
208143
83452
86333
73156
89941
138252
63088
166622
92728
39189
218690
166885
119422
4504
81148
92692
19418
173884
177701
203906
100837
93787
23597
136549
50117
3762
91863
161300
72512
54169
202699
177741
191116
161957
152549
236070
102387
211078
176479
255111
26721
25637
236800
5992
87965
159987
136543
109856
89098
43119
89748
145196
165451
122584
229275
220386
254162
124590
52878
144684
81733
145602
150348
3801
126100
175751
75804
142418
15686
181846
139152
246685
35231
105165
99701
163524
239121
146168
39040
128745
186759
152857
58930
205811
13752
93790
48010
80732
234880
72614
230919
198391
253490
61823
241237
394
62798
73885
84830
62981
138842
128227
18733
108677
252218
209907
169200
3440
82515
168989
3326
260567
250127
34632
3222
79775
28952
195863
44331
156687
23198
136620
228954
76138
147037
155592
120390
224061
230031
24431
119287
92016
10696
185216
71757
95779
23301
24064
129777
200420
206217
227496
75175
216404
99365
169786
71662
246084
181031
243100
120400
37173
175294
82574
129533
55945
188666
104885
4925
229411
163612
174222
68594
25377
69855
60255
47544
82552
108445
50258
220594
205464
129474
58811
203898
56870
98057
58420
232512
144467
241631
204921
213906
13112
80186
134025
191959
117020
171897
112716
129190
236051
176817
82320
5814
216065
141118
153907
73426
236813
181880
198640
130796
224446
129866
129841
168468
97093
120993
102214
245259
261548
188894
5889
5724
115136
22567
168935
227329
110012
189081
92392
85586
199858
204945
238307
149111
85605
132223
17646
260542
126041
193971
80535
5431
256179
236481
123664
27464
161606
6569
179716
124512
193255
208294
107947
56960
196301
249516
126280
90649
202725
230638
65236
34733
77338
23473
217749
220510
81814
60714
66995
257280
5249
235939
55507
158208
261758
252378
49139
135595
239919
127887
64029
24317
243450
116827
62517
241168
215769
81644
95831
126169
153939
19667
44721
103632
111310
58934
151843
202371
47516
6301
17552
140597
132993
135281
137798
17421
40084
67930
130241
258534
18286
170332
218761
115093
211096
123185
211457
42599
93656
245399
92579
104212
9894
50130
136528
57065
48400
69256
191065
229607
13332
83844
220251
188871
226600
76874
180903
55313
245055
197675
65901
5183
100914
9897
225243
73939
213080
240089
67587
16342
149756
149963
182970
65864
75519
181856
214439
258198
189432
88273
133330
207347
195161
18052
204590
222485
196942
118644
203650
260466
208998
100109
242668
133932
154521
157854
142287
248893
153835
177866
109651
105158
248112
229969
7590
6488
134936
66554
236931
192793
125753
205097
98744
39839
68786
205651
16864
125631
42762
163729
12101
24551
6083
55230
5895
245193
70917
132531
141372
138065
84051
160218
141367
232713
204969
146531
47231
174692
72880
182487
110718
141734
3190
163228
260819
201196
108493
177812
243491
109593
259776
173273
149411
201087
255366
161919
105693
118214
219257
203054
100295
3315
247304
90280
111671
87768
242823
75306
209597
78039
141223
128210
54461
232892
229436
11167
7244
215683
222881
91955
170091
238942
6666
39742
86999
130398
52261
114537
52345
226868
157675
30323
40524
224319
114883
214686
23432
146935
176724
247173
116271
56203
51146
29119
29101
179534
222448
89247
169146
104957
70666
133626
191594
136793
240062
73088
48225
228264
64233
4256
125049
143413
173598
170835
31809
60362
242017
258013
158564
193894
97870
194113
15520
173675
91328
126358
61521
900
133036
212616
258594
206638
59978
249310
59743
257564
50758
239166
259596
5229
83943
56906
48114
204348
37363
207518
34359
231095
161227
221864
256334
127078
39712
214901
4723
155159
41561
210405
58426
36506
196948
117286
30940
120452
154110
25376
20436
80473
236743
89143
68450
186400
20364
94439
55344
93035
145575
59413
155894
65444
21283
215429
251295
82819
119628
242886
180376
62888
68327
30298
60597
31540
255577
250618
140081
35758
10709
241493
25659
229695
18878
111548
57042
83127
9803
170523
5955
207290
89060
110691
29301
11505
93443
183676
31236
60929
248616
168021
103302
201137
185050
128911
177083
238406
166531
4666
75275
100597
212203
68753
101312
242131
87891
200279
225878
109861
56195
19541
64411
116664
670
57986
184143
131897
21185
227336
121895
178433
124291
253950
167032
228435
28940
201777
194038
197606
88064
111116
75351
218614
152760
153303
100410
180300
250818
260362
25997
196644
100541
49524
188170
2720
256696
71747
220319
185628
184819
140163
70073
6130
172271
5482
77400
82238
51771
159134
237151
36271
67203
234754
98680
173800
179562
86839
67411
92577
221324
180901
146470
250271
29133
32383
67020
151740
107748
57458
242350
120648
105167
12152
246720
128020
139911
55174
47231
222798
196527
58166
153227
228805
248339
1611
69783
25741
100004
148943
146901
46568
126558
167436
226561
92040
50891
145553
159223
15951
67769
46139
63550
180710
152682
185226
229019
57942
57652
6761
102562
195614
27355
31582
111334
217090
207305
114469
82053
26340
191396
132894
116718
103355
78684
183109
170685
169009
185387
107845
210226
101212
46962
206715
13360
84623
62055
121776
197291
10724
122713
91495
49784
118343
88046
208714
200418
58508
9570
78194
229167
78726
210586
125543
122442
80824
245239
105266
32961
177811
240835
202474
110380
52647
115320
88931
93084
158698
142360
242849
211949
129988
229822
83295
81449
41530
30221
8047
185847
28192
76262
87339
100454
255520
39001
76881
160528
63484
114371
79108
153417
82928
38424
39692
78794
31281
129283
121443
75731
98295
135623
228094
230461
112081
56674
41244
96558
251782
258405
176007
251128
132094
161333
7679
3560
35786
88576
3294
136504
13940
245646
143411
27600
122708
226043
13240
223590
67907
158802
179996
81788
19687
103887
153217
210405
151833
166249
226729
110251
71663
256018
67483
67112
117810
229633
134258
49128
133832
165384
215191
2331
128695
197948
98193
260035
176629
243229
207062
165680
237915
100262
158351
20253
108084
86301
47353
34631
34416
99706
101645
232334
133303
169041
199480
69295
61126
96061
8961
132529
130570
127899
250121
118402
63500
43412
31373
15771
256887
17669
29205
44484
203427
261083
31580
133122
213581
118915
234469
36024
119453
146611
35263
153255
216578
41433
56712
159737
491
226851
110458
239693
35369
202502
70411
63762
221226
252614
208342
26857
192211
231704
146448
131507
223599
198568
213552
119612
245941
119487
20112
132816
256631
116910
80195
147314
12783
108694
67935
152810
81861
185752
56008
30273
206588
65958
216801
6705
155924
98523
109490
60228
156876
155012
168689
212624
8928
201806
93159
201452
108027
251285
171177
152417
255681
97122
50054
165258
176654
13223
80689
79166
117132
152852
226768
64621
122821
156078
201572
115872
136414
62909
130272
232739
228510
232350
67333
7363
173744
27009
51620
187961
74086
31469
249912
128672
5935
21334
207528
235479
112534
128733
3568
75442
46475
138405
94887
72318
106961
147991
135470
206147
210459
222023
30516
245420
18455
10049
175139
123139
75428
238666
184120
84285
210357
223424
23419
227487
184960
205771
205241
214882
53842
147946
157123
28467
6424
244482
81357
60105
227731
229197
1716
136081
7654
145492
5264
163168
164300
161953
122144
6321
169354
212406
224431
142963
96788
16741
205344
98359
216758
204088
82791
141599
33012
91971
123806
200047
149033
69260
29547
6265
106742
253828
166414
29838
13261
24348
115723
232757
122579
222324
212232
1935
236935
207138
214458
202954
236941
44953
204012
208337
16997
236680
244960
115995
203911
108456
9462
107686
216547
119653
103366
164269
180228
182861
156286
36837
236088
206556
117886
66364
71419
117218
116398
155310
34526
209984
115253
95034
6477
205549
112044
37602
234565
10528
128956
68844
33669
162475
91185
84997
74701
96919
154358
50744
66660
26341
137240
105212
214373
157564
201797
72307
6762
232127
179276
189532
88072
149578
6584
104600
182412
74806
144822
260613
65915
46068
27975
33810
70259
107531
42736
13638
241250
184372
45476
5714
71232
43525
76586
239459
80848
23684
223445
127537
197817
230629
184025
209845
71103
46912
184770
78549
172051
241132
209528
205652
141966
79286
131979
136409
222942
240274
8389
198599
5725
110586
137078
219221
228709
45366
20020
56181
58079
170891
180562
178422
188938
59834
82034
91003
201958
96951
237264
2215
49861
93705
249597
35112
252492
71625
40717
239357
145903
94241
23421
220798
241886
161981
103267
60777
19802
124037
19382
174203
84691
84994
222237
225429
240216
96472
61617
106212
70056
176031
184755
260258
113587
78323
174189
146926
239612
36399
97242
135972
108272
42212
80426
29436
71540
37837
128348
225834
79510
88519
157952
163969
228883
159880
166922
250249
1117
24760
139658
222514
19129
153632
203039
252698
247683
1774
32099
199898
145720
179610
151771
66414
251574
229475
15916
36300
151234
134625
60994
236292
253885
190134
154602
45952
10594
35475
83368
250759
50006
164684
49326
112499
175214
232029
236514
110433
88509
34493
186460
186271
32737
100094
190605
70557
113187
119532
164789
122779
230718
156259
53756
177679
86693
89505
220708
54124
98640
5528
48341
24171
153997
14937
225924
122417
216972
227182
53903
173473
43200
219167
224485
61219
86647
225319
199202
116258
192848
157077
168602
61789
70439
91620
141660
100754
43429
144298
112492
94681
155186
133070
163641
58188
199269
210665
71524
250137
227866
167409
182918
76194
253198
213158
172510
217723
193609
144357
168649
39369
130788
212029
95688
87295
13208
155204
48090
653
192633
52244
222875
164909
109416
111447
187300
100862
259217
74065
138021
159384
6127
16117
115557
99928
243655
123617
146021
137970
141918
101310
60707
162987
250979
62657
31436
164233
260794
78146
158199
196977
69587
149661
6262
63604
158227
253213
209220
74233
162278
29732
135795
121565
129140
26120
255376
67527
168171
99510
150551
179048
30463
133592
100026
25940
133811
150432
11428
223098
133885
70082
174071
14130
15063
70973
36541
222002
107352
183532
165540
240943
135554
55858
153846
117619
83478
232875
148973
62281
16491
238718
116920
8683
168474
52794
189057
202522
143876
239900
166719
181798
13801
24302
204301
194442
160493
258677
26066
19773
80103
236077
252779
131175
209997
256580
170468
152194
243219
38938
212721
26115
116462
60008
177867
118651
162343
129634
223202
185862
105886
232042
97782
244614
130838
140394
52724
241875
51235
189743
39125
187563
16361
145553
12297
145085
42988
96692
235654
228463
195758
40442
240923
157428
144767
41722
95092
49079
254735
65806
74062
58972
116657
111549
261413
48499
202251
48196
191714
16464
185670
18183
256303
195163
222938
120748
186124
8680
231664
127650
170409
226809
185304
155392
189921
172063
159118
42436
1628
97440
138299
92731
127570
193684
158175
38633
115001
75733
116166
119795
145832
157270
39910
180088
52370
159525
104844
242789
248403
171359
61945
162073
246863
226902
86219
137483
154951
38807
252505
239118
105789
82833
136851
13073
246956
5055
205444
105841
163755
243360
93582
135735
258075
49299
245418
211717
50355
24765
26487
96326
61352
225590
239708
30659
177381
77289
2854
254321
162862
23304
190854
63414
11660
66494
9826
49275
165695
189937
12489
891
14378
13845
244386
160883
213877
50880
84711
94661
254155
52660
192340
171576
164445
104022
150304
173620
231815
65632
194699
254378
48723
170155
150048
103354
96911
139528
209604
61321
159109
136520
245242
243730
32069
201883
40240
67039
28124
9010
253611
173199
46967
159555
231596
253689
55407
175114
170336
251417
78099
17439
110403
131777
193016
156778
148964
14754
118753
228387
127573
9524
153794
205757
62481
176431
154801
55206
52430
258285
198042
257721
168310
213591
22625
128443
101411
7620
49513
66494
53590
39859
61024
156559
24112
230928
149017
85381
18623
130132
92439
246722
161202
72144
86853
141848
35833
151460
55936
249466
37154
168007
124548
227345
58751
252230
109488
60453
223989
250202
204955
55309
93986
153246
228896
19939
173689
233014
191982
250026
30856
70114
203992
37611
164514
43942
227844
118750
10944
4580
58043
18750
179419
185601
160467
111122
86505
97514
147505
167313
169861
43197
26251
119252
25520
100022
140168
60126
258442
226403
132757
77079
214091
128556
71559
233924
119602
241611
35392
51239
149401
156820
159946
10455
248661
111716
174436
162935
3290
135892
131375
19421
69370
214953
3979
84518
61478
224681
50486
207742
192790
260040
122669
48616
163598
54815
145468
17644
232002
125678
16570
4517
134976
164579
178563
94231
186805
201015
191370
14241
227512
142168
204717
116473
224400
3440
195519
242442
101949
16826
34789
248627
227024
226467
211003
245446
97296
35758
21814
134635
87389
247929
98208
24981
157292
244284
249442
235617
148073
256558
53607
232179
100212
247104
258560
101701
153462
133344
47257
179207
96301
168265
174788
70992
68548
24713
258606
75753
36969
187862
71223
22317
184582
11335
93911
59737
118401
83465
237007
65052
162678
31935
4473
120786
233760
254411
234620
257169
147388
109589
62155
145313
146847
14969
11687
8833
102184
40807
9905
225648
69064
200570
69542
32369
256193
39631
151549
54470
174694
181065
209012
65139
138452
20852
8842
255269
182275
244536
210203
131175
247132
50132
93103
81365
152355
26316
210238
126385
23479
189777
80473
38658
175890
62186
232969
232845
248889
80933
128456
119844
13964
18489
5775
80320
190332
156471
61874
154706
46659
256676
212424
59924
190359
219962
148946
108363
85439
226068
147965
123177
157414
174445
188511
69694
231819
214625
103227
106518
56551
35525
179257
206551
124412
257850
196424
111422
65136
95946
186263
188484
7630
200797
248299
13752
244968
78720
149236
44166
74153
75940
87558
122547
160076
138989
194004
114596
207030
116151
83271
182496
98084
35545
77593
217540
182932
191567
200474
90051
121296
57226
84403
179327
19494
4713
90431
43850
115664
123455
230540
61980
21242
4527
190412
132574
47686
208035
176321
137970
176111
9849
115145
172565
218494
254139
196442
125171
29545
239366
6731
211997
26256
31188
209414
190835
177549
251924
180898
202438
104923
139970
89123
258653
82672
6684
111218
19117
72159
261539
62873
176370
205419
124318
215637
196248
238027
240531
209072
216804
239925
185883
250694
174479
42495
231604
11903
65332
12580
117213
105929
46166
147755
96719
223402
150421
167374
161860
150958
31313
199709
18056
183627
160758
97205
239637
15455
118657
109060
158614
28165
72980
26101
15994
143585
20244
184262
184555
41582
45126
12886
158842
182367
242151
208936
176315
93629
143460
82818
181741
19880
136105
63796
228121
2588
125472
106373
166961
81409
76999
63005
107351
38651
180097
29407
156978
253427
109433
91240
13287
26556
143338
92074
255215
81066
200973
8011
14619
113006
217001
105470
242200
154179
89014
69279
26656
47358
82455
255779
3264
185627
229603
56336
28232
33522
202264
174167
40837
193064
151010
127795
44013
222217
84278
230498
10059
240111
173418
143612
89508
52792
168680
28141
41155
141541
74316
200220
95509
79916
52902
261080
143433
194848
84578
188532
130247
165934
237381
163602
179573
81396
119887
70008
79907
67686
74160
140918
257943
170143
256289
108944
152503
248744
52008
18585
83760
84148
195100
27135
180031
98297
126587
39121
222087
100943
107849
129431
260100
147560
148128
151201
178986
199395
24923
5668
164484
44279
83356
224627
261123
59289
232065
117214
165866
224456
128529
27439
260785
226517
36285
57596
106448
183786
120798
42278
199818
37280
104776
138386
183027
127701
42799
234103
61999
45515
22907
49059
101454
44431
125617
172698
222007
213523
6164
145891
48992
218714
208416
24920
215007
4187
225555
172573
8617
153481
100865
97580
134251
80857
132223
151242
172234
25810
142674
78950
2101
249452
95887
145991
170776
32439
95004
188237
241089
174051
207590
22914
231848
5327
132978
93236
41435
208904
106404
190768
43896
27532
96447
76817
236650
115822
108066
200223
243157
69303
55060
71709
186684
175666
140445
251860
140414
13295
202830
79232
46193
35436
177190
53850
25154
179523
117429
224616
243541
221187
249372
146857
162860
184939
211087
20200
15909
183286
221265
233166
17076
49533
135771
128836
18417
260489
260620
78232
150297
52168
245017
169208
35512
188721
187202
126346
108205
130789
244583
177004
112868
40698
79588
180924
236446
46542
38822
68146
147118
40436
21420
102153
79885
46686
8921
167234
12910
145056
62705
142138
148601
177420
6627
188554
222160
172541
97844
54404
12161
134789
199757
96992
38259
20825
57428
186231
56005
92380
198921
226941
218889
230835
48952
261379
69005
217819
187987
61325
147819
241351
209696
182156
147225
103037
236725
156916
256608
104045
237134
254726
144443
186648
216072
256130
49518
45722
178423
134346
203994
260398
157430
202375
99129
239898
133864
220072
89221
145086
148936
75329
30113
240746
1409
255880
148294
82902
155597
190983
150697
201426
21159
118302
38045
180836
74900
74112
117594
198438
261430
10940
199742
150064
167765
152026
18922
238276
178598
74276
148297
203798
138848
242441
192647
25496
89106
167543
258667
195063
192409
181772
108695
166558
62894
160788
188465
243314
35970
198065
246689
172101
226138
223206
33607
169578
161238
121293
4247
67081
78146
163376
137493
190245
82830
16537
152962
51593
4519
131256
223666
202022
82464
131145
30225
169540
257896
197927
135499
246927
225835
136895
120884
224861
209728
36265
230189
115493
117729
12574
52827
135648
159958
181046
5949
133909
88163
222987
239739
194805
69790
168864
184243
256185
23346
62777
157764
161168
64915
16531
124924
5071
4550
8121
10649
33872
255687
127792
144817
70071
135257
82597
173590
2908
76296
166229
15250
91271
203179
97917
23671
153591
44486
58677
151760
243848
223283
170489
120725
239681
39064
65582
171227
92902
85324
68522
130383
255737
225169
68036
125879
128268
175205
156584
212797
68381
120385
231357
82111
74127
143726
199503
162391
221755
97049
252564
49183
19755
47361
248389
228858
124575
254525
75660
122609
178039
81833
165576
57704
138526
113370
190340
206372
98641
196551
221748
52362
245184
260759
11888
213201
228996
147132
111449
105994
255470
193246
197178
238647
60679
120137
94173
95814
65882
193597
233007
51590
26366
229562
27509
7386
189671
88160
199665
42477
239110
213411
250628
147595
113214
149438
65887
122234
78499
216841
208861
151913
178471
248497
215012
235582
133406
106358
257406
144168
88211
4210
85866
202704
28922
116452
15731
126206
165485
108574
148625
181660
115362
110854
228040
99374
14587
232147
98948
46667
170838
168230
88025
254634
201913
123704
203483
90584
171751
144575
61212
228565
241769
78132
12299
183218
160283
39376
187597
120944
139044
97106
18749
92590
101505
32034
258506
238484
258000
104551
211580
56542
137384
98582
65916
69903
71850
152823
58047
50379
35997
47579
251078
22583
95480
53123
242245
27332
136391
66348
192985
132034
39815
929
258497
217230
44528
6202
176995
196068
100594
153818
72770
58136
120379
98040
200396
208079
20268
22125
155091
171659
104496
261156
33691
52064
109343
257879
160154
113999
157132
118834
139817
71457
115871
192521
257666
131713
153321
115857
221685
47312
113156
38948
96520
59944
185681
55932
190138
240560
185532
108813
125098
165988
115427
48457
162523
206126
243251
150835
232776
60406
29905
70807
65143
108177
250623
67609
125278
211481
165623
17455
59542
138455
4398
172824
39124
20938
136818
158188
238123
150342
178170
241378
92377
247742
166234
77231
68982
173259
161667
106702
222453
241528
206671
60710
99234
139895
128927
85381
42392
2654
16958
4297
3838
36579
99741
92903
2775
149709
104269
177711
181790
207977
7767
215778
33919
28752
257639
150250
155616
125669
125547
94222
58451
190503
7027
132781
5884
158098
80061
115793
19508
36296
155940
217907
108880
45662
172948
214058
36868
200863
145011
52815
58405
86693
251881
22541
151227
255111
5844
65732
46970
50154
96253
163371
166038
136009
153712
174473
165013
121315
117741
73585
136366
236614
80390
138360
23059
141177
208532
151510
120526
198281
76293
157796
64000
126522
48806
38746
147290
42334
249661
135809
173539
139765
146937
170107
186649
182425
225469
17860
180430
232916
135396
255606
176350
210701
34350
40775
186852
118889
204524
229624
176783
103048
26515
109722
247295
237097
100331
129414
125908
97776
204562
247340
17474
151778
247199
44311
182795
257162
260723
222151
48307
123285
125082
48021
216089
3349
143228
178535
107415
7915
164836
58603
89163
101305
158666
255473
26958
213423
206269
55538
197554
83111
76942
88156
84399
139371
261239
171913
84874
259003
115895
20372
107325
114219
46170
29441
178475
133874
211150
91229
261252
172404
50899
117660
7128
51599
68626
142133
112263
211101
257135
247619
78589
74440
44265
104185
104212
95928
74858
182968
24753
112062
31028
108878
2072
240209
195018
202018
135001
106698
36725
23540
164405
74445
208504
37853
177179
101076
197636
257904
110246
171383
186668
34999
95028
260909
252237
156249
96154
146857
215257
211194
129518
206699
239732
241173
243167
31360
313
80433
190994
216478
2402
126625
47018
218937
179221
42534
104532
207653
50724
140721
65485
30063
33297
206413
253819
238098
241783
245571
72144
94144
41389
193333
87109
99010
170178
116117
218789
106835
233102
79377
144483
186554
148595
5623
207067
72654
78481
176049
69115
215150
194778
239093
68232
25634
224247
156542
113867
100783
4771
20239
223274
17470
20189
172923
8003
1119
253715
236375
172537
5177
71301
108767
237649
51923
43411
138962
54909
6468
204055
252208
33940
62077
206640
7551
11549
217015
50010
172310
147134
198057
43538
137543
29298
242904
13670
122344
29355
42010
255999
138913
255281
54707
107785
31460
123540
219433
236469
37085
106168
196419
213717
176468
99842
151264
16312
185781
81075
214476
14476
8468
101740
145115
10733
247300
20994
217150
222503
132391
193446
77003
67685
94430
220074
23966
243236
89726
81311
171783
219587
70050
257430
234270
237538
227028
170217
45306
203080
217542
37924
151360
235490
162453
7385
51462
193306
9228
52853
170979
48258
10259
190559
97718
40161
191976
7411
176069
82587
187136
122340
86443
146871
26383
234602
189585
229166
164931
138613
10111
119440
247036
111602
72674
74995
61502
251688
79121
136787
66561
222470
200229
19639
6727
225452
83910
46687
104185
128984
156065
209766
14899
72234
23409
225596
198385
15807
187433
129252
31380
122184
165750
173476
42560
225515
105423
39082
96451
195652
230266
165164
153086
237820
198363
95218
129919
144486
255774
113188
135777
139503
147081
100472
119465
3114
24171
24343
244576
249597
139046
38489
100942
125381
166534
236778
61653
12683
56574
152731
153081
212372
202701
3911
238445
95807
136200
32440
35408
159278
153192
106703
245668
26539
111691
161396
157006
183668
112997
218476
82603
138486
245358
117471
261596
212378
96688
139121
214732
101047
27919
105554
169035
16618
167108
147481
171442
233857
57588
114986
80536
92001
49340
248328
8229
185050
175562
206856
195662
174385
250961
117627
102497
23326
175999
81258
5421
219776
58946
41100
106052
237541
181470
78713
194099
109983
238512
241283
83201
106813
144412
113615
47931
222605
14334
246438
191150
248295
73505
88302
1233
29628
194853
248413
222073
53731
128610
149633
240892
68113
93389
11471
50305
200455
38909
70163
249654
47058
107070
232388
123787
243601
220794
86157
176450
224363
1039
147688
200195
66691
128112
45980
408
137859
80575
262020
42934
115226
77742
67243
237652
232505
76518
222237
139562
195917
194997
17722
94904
135957
211443
224375
151495
87657
82968
102409
69013
76103
242722
82462
109588
120639
235239
146340
56775
14601
50735
192645
144952
53777
163643
231697
230660
18607
238664
20701
35833
26322
254872
110697
56499
127628
92638
20005
92736
76438
252052
215925
162568
142577
85831
38816
152853
128102
113543
91665
37104
246080
9577
100345
241551
196466
43409
194571
146553
167257
151412
162640
92670
260582
89666
229103
213789
242665
169349
31472
259667
146548
16726
25970
72895
84458
217753
8267
165424
220978
64702
156935
28282
31182
35148
176478
107146
103995
100432
116978
251826
61148
64108
106995
13476
109797
130903
252203
251991
4614
76519
218133
132619
165884
204867
35286
100725
129045
203848
66171
23188
249522
123240
113687
7350
50938
240711
211945
99226
17939
71568
132111
185551
237402
36025
44542
82280
111341
221855
47584
107936
59475
154749
199580
43796
12872
153835
187853
241142
220420
166502
121655
216810
246540
43817
57367
145953
96909
35165
37394
90319
13478
68356
241139
228858
138383
244000
52160
32331
249621
256626
132820
94747
177103
155905
187803
82069
191467
230369
180497
161571
191720
253099
95388
133108
114619
259410
210599
21796
122731
251843
91663
162580
57668
102518
21476
120217
14705
177259
71039
53159
4041
227499
42634
218738
14781
83455
75610
70788
54186
142545
149047
251290
234746
181435
249252
225186
28872
239843
206699
68479
123045
75367
223535
190992
235746
31394
185537
215249
60973
153115
100643
61714
240646
246043
13287
169977
80135
38190
217526
259982
218060
200724
137405
11524
75710
172620
105528
9668
62150
41996
103020
248871
73107
110454
163297
141958
210918
97950
255422
112211
172123
237283
61670
17081
129704
50157
254643
94336
204969
13750
199591
220653
210160
36782
213607
39654
119914
115425
248074
135161
180438
60392
238008
146966
143725
141423
21399
219582
23133
4190
37784
128919
117374
122785
3549
109027
252630
221006
118460
10895
111831
177233
67588
27556
247255
171200
82719
162675
244973
24713
117712
207381
64456
242196
198573
156231
96183
165883
100175
39710
175507
94316
167720
23341
172382
215590
70996
246544
119836
188280
243649
91475
155575
199544
182237
258847
73441
177890
21510
189803
106488
82326
215999
173598
90683
260670
209902
207612
183723
249264
53961
27582
132580
77116
1708
173483
241585
4872
151879
224794
25157
137268
194908
115378
92137
63352
249127
174779
196997
155044
239042
66947
87337
55688
108217
24029
149368
207881
160800
110228
226003
62879
195526
231539
90103
162196
93022
251093
210945
65523
250585
215403
162584
19564
220868
259337
116394
160855
172638
188344
188279
25201
201866
200006
103566
104988
209241
82504
136202
224116
197997
85366
100464
59184
99409
178145
128810
33044
28862
98176
45744
78881
212837
18144
165045
8327
81513
2077
171481
39887
241370
204160
163292
104811
19078
137320
27853
36009
181563
163035
118561
195412
101878
96019
82148
33406
87613
19590
216508
216937
112340
138409
45603
119776
39112
177266
235948
160589
195123
162702
256480
201837
133590
246153
226253
221698
111059
200939
26098
176366
58448
261626
242563
172041
224659
211474
82291
104660
153435
109386
215213
174428
163787
100543
145407
2056
152181
231911
99059
88376
251690
94362
42965
210375
220943
97376
137211
248354
75791
102512
249801
177230
92796
196617
177176
103021
230918
211001
164945
15570
103022
165818
253055
112581
34531
242474
95300
165655
45603
231436
22836
2380
111744
34235
97637
85857
208217
71064
138857
52907
117494
198438
195767
46559
197459
257237
261146
17664
5326
195857
171417
230167
24847
55270
131339
206449
73126
182364
115397
242785
195469
69892
184195
5418
160343
227807
52430
15674
178714
81859
102705
246054
16778
109463
38776
150521
241416
41113
108720
130450
97670
251109
84982
223104
228080
177752
144902
119722
24840
173434
138841
105365
177771
81751
258014
4963
38631
187328
238490
226995
126778
157267
259282
93977
106359
24708
124235
63428
176712
18676
190427
11394
182550
156592
138316
11695
119801
232853
178041
4833
91322
221143
51349
37401
133498
92911
55645
14150
23957
120931
195986
97310
110737
146902
4468
185788
203572
217668
167045
27379
177843
22861
63328
136902
179114
158970
231118
165662
199782
38299
104704
126791
126443
124247
245832
32003
145263
239331
131713
175890
134229
205813
113864
132145
138552
159574
36707
10339
95195
77484
48159
166103
154312
169111
13704
200282
9471
76979
59464
192342
233084
175199
56911
85144
54844
103590
12461
81712
254908
17752
130624
125338
35314
235099
72624
10456
55930
230735
83418
156498
13658
82627
56009
61688
188495
258831
8951
224930
235530
37980
112381
145580
138002
190896
158615
51069
211346
91474
156014
104729
208304
74046
17774
195476
48458
30221
186023
139571
63407
97554
64303
93582
145618
43003
153067
115050
212990
117741
65192
89424
244094
119440
241302
62474
153629
61291
133010
70944
232927
140247
253676
199854
109767
94496
249204
258483
45136
22633
130503
25900
21623
235851
207179
185185
145846
237081
41496
230653
158825
249377
162486
253104
158106
102916
183619
167761
217525
208262
195610
27852
168844
63948
130637
119819
43693
177636
47815
177219
126447
24553
24786
69492
128562
261130
75946
74011
53417
168202
41920
26157
108945
103143
197902
116032
235684
81816
33396
123945
82100
73453
105957
33826
28853
117060
260074
34925
2276
28473
247175
232821
155050
91528
73424
76469
132492
5001
30493
33260
180743
186032
186430
71514
178476
51631
236719
60480
181499
258469
220144
14427
19287
113337
91880
215430
221654
145222
170155
222751
151476
158209
237687
243951
208111
116445
25287
62561
153538
216785
127847
81145
220182
228071
146478
173698
112223
22851
133029
132449
35199
256208
18297
175873
108049
184821
44972
73716
65475
59695
72052
101117
113958
103126
203612
29516
206456
217427
85099
109901
256777
18177
103324
134064
85659
179815
22610
26676
233749
14118
69150
70139
201026
177640
116520
243162
140917
249480
38238
7815
155090
144511
189095
115340
216729
128895
195736
189478
205714
8405
114709
110676
130258
244806
25202
48493
10828
68397
183572
46972
208447
246065
7582
78759
168765
148515
258181
106638
195911
31081
41370
248616
193241
28975
127925
24699
219028
84817
110059
122816
183784
71164
240153
27679
14104
180552
24140
47872
150410
237006
60402
5766
62003
221722
182290
30664
13075
7716
39646
174613
34682
88459
154694
91809
116456
9438
12624
88913
250973
2659
55586
169671
96355
95021
211356
170503
204648
246298
7781
231698
164500
40178
251938
39376
109687
224807
175405
117240
18837
242201
137972
128571
45648
53871
251615
73241
104
147003
242340
236863
86417
111379
120621
102418
203101
148787
138243
49598
244026
129650
31303
184497
72200
249100
200608
58891
191211
176056
162371
220044
122931
179912
117925
67631
21790
181976
217028
73480
141474
46357
13005
131174
2426
86314
109997
119001
124773
251749
210438
191738
136209
47662
177746
81038
104665
163971
204996
29431
259437
100690
57925
106011
124115
220089
254631
70609
48234
51613
20189
16171
244444
22383
33645
1503
249740
36744
160300
232496
2368
36214
237787
240641
89591
231679
210434
96462
209745
146113
27203
150338
109435
135182
40748
253991
132391
83171
63627
225492
62413
133600
95412
155537
236879
92051
190075
254940
260713
61113
156280
191673
236936
135650
170700
244950
65910
167844
81884
56557
246095
203536
105036
188877
144426
62259
98499
36513
12302
85206
28204
201547
55949
170144
257490
206993
189157
105123
94437
68489
210208
47451
19301
155734
20998
9938
171332
100475
143917
231155
135916
226506
100732
112294
211540
1402
132876
250246
193385
146948
68533
104342
212111
68918
83854
218729
16797
162745
54174
32171
52410
73024
50664
206087
46924
164659
118778
122116
40992
187230
198754
213151
2880
57882
59496
134423
183820
164415
64342
52179
8713
255197
249676
25422
118229
104252
102487
73833
260863
255168
45528
109943
30000
75324
14417
59568
140665
29111
253000
257174
238689
236940
197539
9262
229385
261391
54677
173091
235370
1242
89645
3474
37019
91762
73264
137393
35614
71027
260196
146996
177510
6953
62548
45085
133009
222596
255450
180673
26453
166168
103277
116626
173727
239434
236147
244478
18314
166656
38664
90975
232367
215950
52699
116231
109359
48285
198713
207121
36997
155592
32368
158224
225175
1875
159904
15595
191491
182860
158672
141979
98144
73844
7855
156224
102166
239770
198614
41041
216243
12035
30708
247199
60612
131202
67888
185541
247981
96970
41142
83867
102795
92554
255938
96944
80929
249919
47207
182633
64637
195635
80605
73358
172305
21924
82505
108435
67334
171177
99587
74178
208088
176483
28647
184002
197133
88669
54761
28481
28033
129765
262089
112844
90948
51960
234306
182859
182439
178635
70310
251903
39741
184830
52674
3311
70129
103908
54728
208926
67095
30869
30952
196942
135200
109627
168508
157110
139577
22620
104626
82188
124380
168728
111816
16397
135670
76641
111529
237937
162675
94926
3579
133142
48834
211526
145058
205714
131752
87805
58808
223954
18742
188549
31660
26721
163677
254433
6800
82644
210646
257970
136280
137248
32267
32287
471
215739
240139
239378
52270
250347
255689
82082
21925
130155
112866
74138
238768
76415
163497
103995
121447
171573
65890
179344
210857
178159
241098
94621
142139
248835
78516
19296
20072
196398
86460
208737
146197
44676
35474
152053
157606
54295
200864
201123
140716
28581
109910
147017
5122
235909
36615
30666
179040
223291
142485
196239
16352
208360
109183
43179
169536
215733
32332
62446
24303
147382
63034
42021
159492
30182
43648
169912
71143
105789
103517
133657
235703
103843
123260
30535
66499
29433
231829
113113
254817
190175
165387
169357
179725
118295
191236
151308
13379
147880
207193
260014
193308
218915
139693
204179
14899
103647
151476
210381
129717
43989
256718
219903
122243
29835
63964
161387
102075
39256
216960
10440
261449
110790
12085
174213
258376
204826
150082
82846
261045
99284
203068
103847
190588
223742
238900
31890
260124
198591
84790
21637
201824
16298
129936
132687
125695
91685
99422
157569
203774
50292
27815
126946
101739
169985
185675
179474
136776
180388
238887
19510
207099
185994
84699
79460
20230
143291
43216
90442
245299
232927
240242
48613
217119
43224
133112
181354
130780
30942
37567
217286
145189
17651
115993
26485
86015
10743
20876
239741
119874
256948
145683
250145
112814
42940
86761
239499
253244
122687
251954
31019
42079
78666
64510
161505
197066
122775
216565
141289
243113
204662
118548
260366
38952
224305
157938
194701
36010
130473
67177
69672
111900
36433
59722
61943
84953
91198
50827
31859
25739
4115
206674
10066
49976
7275
261979
1600
175585
42134
223677
143678
164698
6532
101229
256345
97014
170478
113867
144782
232516
188267
13323
71773
162103
179941
170491
59958
249363
33093
80040
41850
162608
4490
74231
2112
51621
182937
17978
106969
137645
156894
197266
117800
215495
26174
4230
249
20002
182858
238488
232114
104142
176152
147300
88962
201051
218737
13723
71976
168890
175218
256336
171232
153783
81377
227367
204012
847
151262
110413
78688
88622
49779
188761
108832
155304
225701
57738
261490
117222
196850
224671
189042
146808
250616
179725
127005
90404
31350
5316
132078
178911
45480
199453
182156
98063
222660
195324
99910
145876
152529
54661
220475
40257
179704
173663
191996
25171
72897
180640
249179
42759
7262
3413
16644
96252
246846
247457
148792
38660
216171
100803
188450
58489
14336
171109
49844
160644
105492
127735
87554
147231
61034
183937
120200
85094
208080
197497
101647
209548
23526
226755
250095
113704
79895
56429
90192
200633
157865
117722
201219
119725
137926
7662
52700
202538
196610
239812
46687
124766
102665
64683
103902
251908
68990
22825
156464
8115
41591
136497
252838
34843
105991
190487
165633
133470
242554
147736
218318
1253
190899
18363
110860
171101
39025
249826
30619
101550
229265
119314
178025
181941
50374
68476
202229
249745
72644
33850
157693
154463
83430
44759
181328
77585
232948
187663
237870
67308
2751
161345
62992
70547
210318
28786
74960
168023
134480
116816
84582
17271
137139
260558
97580
152722
90602
228398
149030
184760
141183
17196
27838
93416
1520
46334
157243
194883
249019
79132
29997
9043
70955
202705
127528
150124
119614
24561
118884
14482
143482
234528
261640
79222
162581
175325
97639
11872
50092
33694
154176
18212
126346
89747
54531
21890
106974
184036
176994
145828
178370
78384
96219
158003
230744
149807
133017
206986
254647
194180
47078
259508
106673
27672
241547
26801
148696
247969
113709
215804
139292
205800
212635
96231
255814
100461
29437
187267
39621
4265
31789
53882
225826
85981
5905
253925
79741
215131
65078
243848
125139
63728
100073
40871
234481
28015
145911
157525
234788
176736
181673
105305
231145
153454
245478
131669
209619
89159
248612
118323
143447
21687
11698
75886
216130
61514
227738
206365
260727
131741
149841
230917
102310
165493
25866
96149
105663
8034
226596
57326
242859
122431
90368
242621
151304
107864
40840
3659
213644
98625
206213
139531
55292
168393
59765
203314
253519
48228
214361
204321
149358
61127
73554
8993
156673
193161
148848
179251
168752
157665
154365
29489
104786
2640
193394
24707
86160
175690
153437
229607
38881
66071
193849
27829
3013
246381
109041
28128
213166
83033
96069
212291
184056
232519
41466
180238
114351
11764
249161
231182
39199
115270
137377
203600
80486
1317
58945
94844
252901
106076
168509
204638
102767
226856
184634
213982
147197
51387
225086
217777
125521
170628
128439
138642
218614
204969
138460
241195
10638
126824
141735
77117
67064
256444
216995
62833
89036
113726
184315
31991
17864
23284
125138
65143
146193
72879
152867
199578
168509
107979
58727
160565
65559
227573
114500
35757
184911
127331
229360
251832
194033
10156
49925
184667
123289
193210
49384
58625
259591
1376
114123
238377
185598
93100
207175
22745
131789
119292
102553
232049
44039
85139
241456
97015
12424
191668
112109
175668
23148
209882
225583
153828
184933
168148
72349
221188
203479
35889
33331
104020
199832
13738
175011
259993
84304
12530
255685
59106
25736
24150
215641
28799
75051
67498
200501
39165
123090
192473
6412
39029
139816
133387
35393
66026
223570
120003
88978
139870
82545
184288
147097
197839
26533
2243
42271
78295
254228
225693
197747
186059
8672
44199
248957
237447
254355
41778
154823
250489
41737
64726
255420
206886
117679
64442
109584
160233
84325
195119
28392
48060
100084
100505
125269
122103
161379
252810
19468
56423
4856
151235
165449
249774
206616
166948
196889
242940
140432
168315
37528
258961
15514
230613
9083
152151
212298
17305
145928
3830
13351
241254
230416
8201
194394
220977
125711
100611
122103
96289
212045
233614
191531
47143
234168
116957
168472
139479
170546
144588
153248
66829
166509
50033
24530
73784
53669
88386
251488
238767
182643
234319
236143
135717
149224
181440
256804
49775
120415
80543
197291
256024
199994
55147
33156
75538
226772
225877
65008
99515
107209
33033
126148
129379
157712
34305
253153
138443
170025
135519
253625
50752
247273
172283
57559
124685
146127
93804
235784
143293
10784
151987
184562
167328
33024
87041
52292
34057
241200
193984
76970
192216
66741
127217
191391
181474
232106
1698
136368
113756
43253
103106
194706
51871
238
13785
165423
117648
242083
175603
40754
72723
35489
260681
118982
53864
201785
163598
151279
146205
57039
27166
259049
129068
113733
25891
185406
247511
181570
161941
67267
203663
191376
250484
228887
227234
220340
6798
205636
61923
42980
143629
151869
214650
148836
68477
192711
19123
27835
174845
200407
197
232331
208691
43900
260041
94513
81965
55009
238821
250258
126757
201591
2749
239167
171894
143516
163258
197827
17457
191373
100142
176697
113276
15351
96336
250333
217264
47508
93216
45758
44999
141037
85741
33505
228812
180442
216458
228105
84049
41367
93847
111998
97166
60307
128812
248891
25514
244018
15982
8930
24155
259086
201393
219260
197829
216383
92140
32711
171613
45068
78417
139266
66041
203308
27882
17420
37132
11613
27336
17197
83294
179496
184694
98971
206721
235021
169869
83917
877
63104
67681
261436
110037
220721
186029
206386
166153
127624
18157
206220
144774
206031
163273
190257
214712
87548
211421
73349
23911
42209
6256
16352
214176
67129
11879
151282
250340
222167
134872
82535
122383
46600
61286
25688
99895
177468
23058
252728
261923
23664
254405
148235
112917
15939
133386
152687
89429
91709
164255
36091
152
54909
14411
11333
1231
135520
193786
233426
96143
238052
183981
43424
85864
155838
137051
9882
146490
241035
53191
247435
87504
201682
254992
138445
160293
9114
20738
123275
247078
129736
10998
37785
174880
106390
2955
186406
167473
82556
190071
221744
108984
197811
36741
26247
224452
180016
111107
177057
56469
207683
8052
157024
57851
30006
20419
65749
116176
82102
239435
127746
92505
230531
247556
101176
223499
200982
160332
45947
88733
34814
116510
69644
18714
2524
57022
223471
49016
6434
110799
16089
68571
112788
50226
190834
169148
84890
160143
240128
25574
90964
4232
106297
50779
95706
142531
87742
250462
137644
43167
192553
42900
102128
169031
154797
208384
77298
92590
220528
244424
104465
76124
248590
261896
94402
97350
241944
144502
2241
242992
137211
88484
39731
113012
173007
10393
60858
17600
215057
50778
172712
208754
11419
